% -------------------------------------------------------------------
%  Generated by MATLAB on 13-Dec-2021 12:39:10
%  MATLAB version: 9.10.0.1739362 (R2021a) Update 5
% -------------------------------------------------------------------
                                         

smiData = struct;
smiData.RigidTransform = struct;
smiData.RigidTransform(1).translation = ...
  [1804.4809114266743 6705.329213696933 2499.9999999999991];
smiData.RigidTransform(1).angle = 2.0943951023931953;
smiData.RigidTransform(1).axis = [0.57735026918962584 0.57735026918962584 ...
                                  0.57735026918962584];
smiData.RigidTransform(1).ID = 'B[srodek:1:-:podstawa:1]';
smiData.RigidTransform(2).translation = ...
  [1704.4809114266677 6705.3292136969185 2199.99999999999];
smiData.RigidTransform(2).angle = 3.1415926535897927;
smiData.RigidTransform(2).axis = [0.70710678118654746 -0.70710678118654757 ...
                                  6.38378239159465E-16];
smiData.RigidTransform(2).ID = 'F[srodek:1:-:podstawa:1]';
smiData.RigidTransform(3).translation = ...
  [103.5858642335853 -85.656543744987914 199.99999999999949];
smiData.RigidTransform(3).angle = 3.1415926535897927;
smiData.RigidTransform(3).axis = [1 -2.2170997350234366E-32 -9.3975807439950445E-17 ...
                                  ];
smiData.RigidTransform(3).ID = 'B[klocek:1:-:srodek:1]';
smiData.RigidTransform(4).translation = ...
  [1704.4809114266554 6705.329213696923 2400.0000000000018];
smiData.RigidTransform(4).angle = 3.1415926535897927;
smiData.RigidTransform(4).axis = [0.707106781186547 0.70710678118654824 ...
                                  -3.3306690738754696E-16];
smiData.RigidTransform(4).ID = 'F[klocek:1:-:srodek:1]';
smiData.RigidTransform(5).translation = ...
  [-2.8421709430404007E-13 0 0];
smiData.RigidTransform(5).angle = 2.0943951023931953;
smiData.RigidTransform(5).axis = [-0.57735026918962584 -0.57735026918962584 ...
                                  -0.57735026918962584];
smiData.RigidTransform(5).ID = 'B[ramie:1:-:klocek:1]';
smiData.RigidTransform(6).translation = ...
  [-996.4141357664148 114.34345625501408 99.999999999999545];
smiData.RigidTransform(6).angle = 2.0943951023931944;
smiData.RigidTransform(6).axis = [0.57735026918962618 0.5773502691896254 ...
                                  0.57735026918962573];
smiData.RigidTransform(6).ID = 'F[ramie:1:-:klocek:1]';
smiData.RigidTransform(7).translation = ...
  [5.68434188608088E-13 2098.2758827624875 6805.3292136969285];
smiData.RigidTransform(7).angle = 2.0943951023931948;
smiData.RigidTransform(7).axis = [-0.57735026918962573 0.57735026918962573 ...
                                  -0.57735026918962573];
smiData.RigidTransform(7).ID = 'SixDofRigidTransform[podstawa:1]';
smiData.Solid = struct;
smiData.Solid(1).mass = 59.991590543484577;
smiData.Solid(1).CoM = [2904.4809114266604 6705.3292136969267 1300.0000000000036 ...
                        ];
smiData.Solid(1).MoI = [5.7597445595710374E+7 1.4398533597618082E+8 8.6629565200146869E+7 ...
                        ];
smiData.Solid(1).PoI = [-1.9073486328125E-7 -9.5367431640625E-8 -3.814697265625E-7 ...
                        ];
smiData.Solid(1).color = [0.74901960784313726 0.74901960784313726 0.74901960784313726 ...
                          ];
smiData.Solid(1).opacity = 1;
smiData.Solid(1).ID = ['podstawa.ipt_{8A040721-4287-246E-D53F-2C985650B' ...
                       '834}'];
smiData.Solid(2).mass = 27.45110522233464;
smiData.Solid(2).CoM = [1704.4809114290604 6705.3292136969267 1300.0000000000045 ...
                        ];
smiData.Solid(2).MoI = [2.5131792628142163E+7 2.5124598576482318E+7 111066.85933723449 ...
                        ];
smiData.Solid(2).PoI = [-4.76837158203125E-8 3.6215782165527338E-5 -1.4305114746093749E-7 ...
                        ];
smiData.Solid(2).color = [0.74901960784313726 0.74901960784313726 0.74901960784313726 ...
                          ];
smiData.Solid(2).opacity = 1;
smiData.Solid(2).ID = ['srodek.ipt_{8A040721-4287-246E-D53F-2C985650B83' ...
                       '4}'];
smiData.Solid(3).mass = 12.298451302091044;
smiData.Solid(3).CoM = [103.58586423407196 -0.48381971962796033 100.00000000133559 ...
                        ];
smiData.Solid(3).MoI = [195806.58173682916 87222.94708319944 197767.36074489632 ...
                        ];
smiData.Solid(3).PoI = [-1.8859881492971907E-6 4.6566128730773928E-11 5.0995249694096852E-7 ...
                        ];
smiData.Solid(3).color = [0.74901960784313726 0.74901960784313726 0.74901960784313726 ...
                          ];
smiData.Solid(3).opacity = 1;
smiData.Solid(3).ID = ['klocek.ipt_{C33BCEDC-4F70-AEC6-E007-F78CE6ADA95' ...
                       '8}'];
smiData.Solid(4).mass = 13.089969389957831;
smiData.Solid(4).CoM = [4.2350285570496521E-9 801.99999999999875 2.2233688704467981E-14 ...
                        ];
smiData.Solid(4).MoI = [2.5272934783277842E+6 23954.642806065782 2.5272934806718114E+6 ...
                        ];
smiData.Solid(4).PoI = [2.33412720263004E-10 2.3283064366619521E-11 -3.9129063952714925E-6 ...
                        ];
smiData.Solid(4).color = [0.74901960784313726 0.74901960784313726 0.74901960784313726 ...
                          ];
smiData.Solid(4).opacity = 1;
smiData.Solid(4).ID = ['ramie.ipt_{11099F64-4190-CBD1-0392-EAB5BBB1B955' ...
                       '}'];
smiData.CylindricalJoint = struct;
smiData.CylindricalJoint.Rz = struct;
smiData.CylindricalJoint.Rz.Pos = -115.75579443873289;
smiData.CylindricalJoint.Pz = struct;
smiData.CylindricalJoint.Pz.Pos = 0;
smiData.CylindricalJoint.ID = '[ramie:1:-:klocek:1]';
smiData.PrismaticJoint = struct;
smiData.PrismaticJoint(1).Pz = struct;
smiData.PrismaticJoint(1).Pz.Pos = 0;
smiData.PrismaticJoint(1).ID = '[srodek:1:-:podstawa:1]';
smiData.PrismaticJoint(2).Pz = struct;
smiData.PrismaticJoint(2).Pz.Pos = 0;
smiData.PrismaticJoint(2).ID = '[klocek:1:-:srodek:1]';

x0 = 0;

y0 = 0;

z0 = 0;

